1.679240018129348755e-01
-2.319172382354736328e+00
1.212036088109016418e-01
-9.721821546554565430e-02
-4.183916747570037842e-01
-1.463459283113479614e-01
-6.245069503784179688e-01
3.901045024394989014e-01
-3.427935242652893066e-01
-2.466798573732376099e-01
9.178685955703258514e-03
4.129428565502166748e-01
-6.373573839664459229e-02
-9.633867144584655762e-01
7.094816863536834717e-02
3.680491447448730469e-01
1.910290122032165527e-02
1.239475756883621216e-01
-4.323497116565704346e-01
-1.495732516050338745e-01
1.366913616657257080e-01
2.318413555622100830e-01
-2.499220967292785645e-01
1.832231998443603516e+00
1.587262004613876343e-01
3.248684704303741455e-01
-1.052336990833282471e-01
3.086228966712951660e-01
-6.170715093612670898e-01
-1.416995823383331299e-01
