-2.033334970474243164e+00 -2.618777099996805191e-03 -1.202202320098876953e+00 -2.551093101501464844e-01 -4.974316954612731934e-01 2.990612387657165527e-01 -6.079830527305603027e-01 -1.237462088465690613e-01 -4.743595421314239502e-01 -7.118657231330871582e-01
2.783157348632812500e+00 -2.679395437240600586e+00 1.008414983749389648e+00 -2.045339822769165039e+00 1.817481219768524170e-01 -2.134667158126831055e+00 1.235816478729248047e+00 -1.555800318717956543e+00 -1.628117442131042480e+00 -1.446720600128173828e+00
8.669539690017700195e-01 7.310645580291748047e-01 1.175186634063720703e+00 -1.314954042434692383e+00 3.336535990238189697e-01 -6.275665163993835449e-01 -4.493157863616943359e-01 -9.900637865066528320e-01 -4.294796660542488098e-02 1.624631404876708984e+00
-1.121157050132751465e+00 -4.262511730194091797e-01 1.093605637550354004e+00 1.305082917213439941e+00 -2.197599411010742188e+00 2.868565320968627930e+00 -4.079915523529052734e+00 2.249678373336791992e-01 -2.512282431125640869e-01 -1.691650629043579102e+00
8.018608093261718750e-01 -9.110698103904724121e-01 -6.684589982032775879e-01 2.260151624679565430e+00 -2.496135830879211426e-01 -2.277721464633941650e-01 7.071977853775024414e-02 1.351506590843200684e+00 1.511238098144531250e+00 2.830259129405021667e-02
-1.024384617805480957e+00 -6.652402281761169434e-01 -4.602196812629699707e-01 -1.689614176750183105e+00 2.665100812911987305e+00 -1.329257607460021973e+00 2.674303531646728516e+00 -2.629110574722290039e+00 -1.281705260276794434e+00 -9.879926443099975586e-01
-6.220452785491943359e-01 1.410033106803894043e-01 1.615702986717224121e+00 -1.046815291047096252e-01 -6.454838514328002930e-01 -1.779147982597351074e+00 1.573141694068908691e+00 4.318032860755920410e-01 2.041988849639892578e+00 -4.675748944282531738e-01
-2.008374929428100586e+00 -9.549003839492797852e-01 1.205272555351257324e+00 -1.749427556991577148e+00 1.780441761016845703e+00 -1.462504744529724121e+00 -3.789354264736175537e-01 1.048261523246765137e+00 -2.157765150070190430e+00 1.345529317855834961e+00
-1.352459669113159180e+00 2.696411848068237305e+00 5.374441146850585938e-01 4.751575589179992676e-01 -6.652312278747558594e-01 -1.128404974937438965e+00 -1.453587770462036133e+00 1.213010668754577637e+00 -1.231474995613098145e+00 -1.331047296524047852e+00
2.652650117874145508e+00 1.232579588890075684e+00 1.289554476737976074e+00 -2.921540290117263794e-02 -2.171117544174194336e+00 2.155713886022567749e-01 1.862207770347595215e+00 -1.444034218788146973e+00 4.459999799728393555e-01 -9.980072379112243652e-01
-5.305445790290832520e-01 9.852075576782226562e-02 -9.707768261432647705e-02 1.876462459564208984e+00 -2.309278398752212524e-01 4.578132927417755127e-01 -2.171218395233154297e+00 -1.627943873405456543e+00 1.222514390945434570e+00 1.788147091865539551e+00
1.400785923004150391e+00 2.204401493072509766e+00 -1.777447581291198730e+00 -5.500749945640563965e-01 2.187773704528808594e+00 1.425714731216430664e+00 1.441108345985412598e+00 -9.621372818946838379e-01 -1.519368290901184082e-01 1.462470173835754395e+00
-5.778081417083740234e-01 1.058033823966979980e+00 1.613148689270019531e+00 -1.114770650863647461e+00 7.857717573642730713e-02 -1.997311949729919434e+00 2.696991205215454102e+00 1.809398293495178223e+00 3.988605439662933350e-01 -3.659176826477050781e-01
9.234958291053771973e-01 -9.517748355865478516e-01 3.560335338115692139e-01 2.882003784179687500e-01 -8.627393245697021484e-01 3.248118400573730469e+00 1.082332968711853027e+00 -1.710076689720153809e+00 2.252604722976684570e+00 -1.103030323982238770e+00
4.427725076675415039e-01 1.093732953071594238e+00 -1.267324924468994141e+00 -3.386783838272094727e+00 1.096972465515136719e+00 -2.301686763763427734e+00 8.215819597244262695e-01 9.137510061264038086e-01 2.166218042373657227e+00 1.967525243759155273e+00
-2.068322181701660156e+00 4.780827164649963379e-01 -6.859725117683410645e-01 1.464134335517883301e+00 5.721378922462463379e-01 2.649634361267089844e+00 -1.594184041023254395e+00 2.546031586825847626e-02 1.108333945274353027e+00 -4.191574454307556152e-01
1.612843632698059082e+00 -1.076772212982177734e+00 8.912797570228576660e-01 -1.271777153015136719e+00 3.086831569671630859e-01 1.561398744583129883e+00 -7.063126564025878906e-01 2.209717273712158203e+00 -1.059031844139099121e+00 -3.846913099288940430e+00
1.102573513984680176e+00 -8.924542069435119629e-01 -2.553206682205200195e-01 -1.748208403587341309e+00 2.183022022247314453e+00 2.199879847466945648e-02 2.676249146461486816e-01 -3.917717337608337402e-01 -5.468547344207763672e-01 -9.360105991363525391e-01
6.784779429435729980e-01 -1.900979280471801758e+00 8.352283239364624023e-01 1.464447379112243652e+00 -1.181391835212707520e+00 -9.439863562583923340e-01 -1.253622412681579590e+00 1.106078743934631348e+00 2.113040685653686523e+00 2.758679091930389404e-01
-6.675886511802673340e-01 1.319342613220214844e+00 8.513410389423370361e-02 -9.980167746543884277e-01 7.179611921310424805e-01 1.794829726219177246e+00 -7.038078904151916504e-01 -1.350096464157104492e+00 -8.557595610618591309e-01 -3.474052846431732178e-01
9.739621877670288086e-01 -5.663879588246345520e-02 4.590170085430145264e-01 5.774731040000915527e-01 -3.320062637329101562e+00 -7.307673692703247070e-01 -8.054959177970886230e-01 9.718311429023742676e-01 -1.351875782012939453e+00 1.128989577293395996e+00
1.270197927951812744e-01 1.444110512733459473e+00 -2.255691289901733398e+00 -2.130253612995147705e-01 3.946416378021240234e-01 -4.988272786140441895e-01 9.145227074623107910e-01 1.018933534622192383e+00 -2.288843393325805664e+00 -9.988704323768615723e-02
-2.569327592849731445e+00 1.168246746063232422e+00 7.429054379463195801e-01 -6.646305322647094727e-01 -4.903077781200408936e-01 1.023736357688903809e+00 -9.989329576492309570e-01 -1.401887893676757812e+00 -6.312421709299087524e-02 -2.015950679779052734e+00
3.433019518852233887e-01 -1.407552361488342285e+00 -1.414503157138824463e-01 9.937207102775573730e-01 1.346845388412475586e+00 2.426055222749710083e-01 4.933463037014007568e-02 1.009971022605895996e+00 -1.943634986877441406e+00 9.440617561340332031e-01
5.587970614433288574e-01 5.262855291366577148e-01 1.516512870788574219e+00 3.614022731781005859e-01 2.817811369895935059e-01 -9.141038656234741211e-01 6.075791120529174805e-01 6.418090462684631348e-01 -1.065351247787475586e+00 -1.203916907310485840e+00
4.205137193202972412e-01 -8.427256941795349121e-01 2.770754098892211914e-01 -2.934253215789794922e-01 -1.404932379722595215e+00 2.086157321929931641e+00 -1.447121500968933105e+00 2.408511400222778320e+00 -5.626247525215148926e-01 9.878182411193847656e-01
-1.353412717580795288e-01 -1.083120465278625488e+00 7.954114079475402832e-01 1.103887796401977539e+00 7.239273786544799805e-01 1.445788502693176270e+00 1.801329702138900757e-01 -6.534121632575988770e-01 -1.184481024742126465e+00 -1.251878887414932251e-01
-2.723488807678222656e+00 3.456564545631408691e-01 5.522380471229553223e-01 2.213259458541870117e+00 1.632175803184509277e+00 -1.311704754829406738e+00 1.422968059778213501e-01 -4.734685719013214111e-01 -3.910692632198333740e-01 -2.879122495651245117e-01
-3.090116739273071289e+00 -3.312644064426422119e-01 -1.894746184349060059e+00 -4.507518291473388672e+00 -3.363570928573608398e+00 4.904208660125732422e+00 2.786418914794921875e+00 -1.057515025138854980e+00 -1.921028852462768555e+00 -3.196108043193817139e-01
-1.041116952896118164e+00 9.485667943954467773e-01 8.657166957855224609e-01 -1.244493424892425537e-01 -4.960467293858528137e-02 1.289752364158630371e+00 -1.003170132637023926e+00 -9.014392495155334473e-01 -5.200585126876831055e-01 -2.345841675996780396e-01
