-2.757326662540435791e-01
-5.697514861822128296e-02
1.593417674303054810e-01
-1.215250417590141296e-01
2.739648520946502686e-01
3.663963675498962402e-01
-7.627249360084533691e-01
4.013049304485321045e-01
2.189026474952697754e-01
1.355162635445594788e-02
2.088654190301895142e-01
3.723717033863067627e-01
-8.646447956562042236e-02
-1.972387358546257019e-02
6.394422054290771484e-01
-1.386379823088645935e-02
1.208511471748352051e+00
6.925317049026489258e-01
-6.365092396736145020e-01
1.232853606343269348e-01
-9.391753375530242920e-02
-3.609395921230316162e-01
-4.408566057682037354e-01
-1.904254555702209473e-01
4.030959010124206543e-01
-7.190895080566406250e-02
1.828834563493728638e-01
-4.166419152170419693e-03
-5.292657613754272461e-01
2.032557278871536255e-01
1.874698251485824585e-01
-4.116546809673309326e-01
-5.577459335327148438e-01
-2.259852737188339233e-01
-5.211215466260910034e-02
2.271687984466552734e-01
-5.132818222045898438e-01
-1.634234786033630371e-01
3.017745725810527802e-02
-7.370516657829284668e-02
2.679276764392852783e-01
-1.483822762966156006e-01
-3.069447278976440430e-01
-1.454274773597717285e+00
5.331311225891113281e-01
4.188286662101745605e-01
-2.237213402986526489e-01
5.477594733238220215e-01
1.842993199825286865e-01
5.213337764143943787e-02
-1.806219071149826050e-01
-1.074101403355598450e-01
-4.456650316715240479e-01
-1.163622140884399414e+00
-7.161746025085449219e-01
1.027840733528137207e+00
-1.383364051580429077e-01
1.903038978576660156e+00
-3.935637772083282471e-01
1.248717188835144043e+00
-2.614697515964508057e-01
-2.849505245685577393e-01
8.527976274490356445e-02
1.204897090792655945e-01
-1.727723032236099243e-01
-9.150161594152450562e-02
-7.910863161087036133e-01
1.553352475166320801e-01
-2.320096641778945923e-01
-6.099727749824523926e-01
4.567160904407501221e-01
-1.356289982795715332e+00
-1.013558506965637207e+00
-3.608247265219688416e-02
-1.176380217075347900e-01
2.115197777748107910e-01
-5.930613279342651367e-01
1.660229325294494629e+00
1.723706871271133423e-01
4.001494348049163818e-01
