2.933028638362884521e-01 6.012848615646362305e-01 -1.252162694931030273e+00 -8.178719878196716309e-01 1.026174902915954590e+00 -6.422978639602661133e-01 -5.352870821952819824e-01 3.361161351203918457e-01 -1.590418100357055664e+00 1.087251663208007812e+00
-3.182187378406524658e-01 -9.366540312767028809e-01 -4.929115474224090576e-01 -9.400842785835266113e-01 8.254083395004272461e-01 -1.038701891899108887e+00 2.008463442325592041e-01 -3.571009039878845215e-01 1.231482982635498047e+00 2.586522996425628662e-01
-1.056812882423400879e+00 -2.542594969272613525e-01 1.033182814717292786e-01 -4.929065704345703125e-01 5.664411783218383789e-01 -1.301116585731506348e+00 1.413280218839645386e-01 9.556937813758850098e-01 -1.526129484176635742e+00 1.131576538085937500e+00
-9.610229730606079102e-01 4.931117892265319824e-01 1.659134030342102051e+00 -3.543129265308380127e-01 -1.292020201683044434e+00 -4.133883714675903320e-01 -1.454825252294540405e-01 -1.100343391299247742e-01 8.502857685089111328e-01 1.040191173553466797e+00
3.847308829426765442e-02 -1.602521538734436035e+00 1.346174716949462891e+00 -9.076998233795166016e-01 -7.475064396858215332e-01 -7.909713387489318848e-01 2.207833379507064819e-01 -9.151356816291809082e-01 8.096745610237121582e-01 1.377349972724914551e+00
-1.064710736274719238e+00 -5.600709915161132812e-01 -4.877752959728240967e-01 -1.222777724266052246e+00 9.445598125457763672e-01 -1.200870394706726074e+00 -4.503434598445892334e-01 7.320625782012939453e-01 9.162349104881286621e-01 5.710798501968383789e-01
-1.010618448257446289e+00 6.204321980476379395e-01 -1.224358677864074707e+00 1.093120455741882324e+00 3.940595984458923340e-01 1.108426332473754883e+00 -3.389175832271575928e-01 -8.934720158576965332e-01 4.305865466594696045e-01 6.788719296455383301e-01
-3.712305426597595215e-01 1.114451587200164795e-01 3.912675082683563232e-01 -1.452500224113464355e+00 9.124510884284973145e-01 -1.738902032375335693e-01 -4.905142486095428467e-01 9.584050178527832031e-01 -1.309657692909240723e+00 -9.889934211969375610e-02
9.619928598403930664e-01 9.117440581321716309e-01 -1.233897328376770020e+00 -1.317621111869812012e+00 -1.053454875946044922e+00 -2.019332051277160645e-01 -8.627089858055114746e-01 1.083027839660644531e+00 6.021009683609008789e-01 -1.228955388069152832e+00
-1.074883341789245605e+00 4.689720571041107178e-01 1.575108170509338379e+00 -7.661978006362915039e-01 -1.322957992553710938e+00 1.058008670806884766e+00 -5.032888650894165039e-01 4.776960313320159912e-01 3.547383248805999756e-01 -7.682757377624511719e-01
-2.393680214881896973e-01 -7.235595583915710449e-01 5.798701643943786621e-01 -1.254647850990295410e+00 1.051253199577331543e+00 -5.943839550018310547e-01 5.783413052558898926e-01 7.662833333015441895e-01 -3.863210678100585938e-01 -8.596352338790893555e-01
-9.466739892959594727e-01 -6.436728239059448242e-01 -4.908644035458564758e-02 -7.928271591663360596e-02 5.884871482849121094e-01 1.373864412307739258e-01 8.020684719085693359e-01 -1.078756213188171387e+00 -9.183149337768554688e-01 1.328907489776611328e+00
-9.273961186408996582e-02 7.717116475105285645e-01 -7.519883513450622559e-01 -8.517630100250244141e-01 -1.024239420890808105e+00 7.835766673088073730e-01 8.630253672599792480e-01 -3.390867412090301514e-01 -3.307992517948150635e-01 -6.285351514816284180e-01
2.503749132156372070e-01 2.019212394952774048e-01 3.569961488246917725e-01 -1.654839396476745605e+00 6.300027966499328613e-01 7.352956533432006836e-01 3.610277771949768066e-01 -8.862221240997314453e-01 6.753752231597900391e-01 -7.510569691658020020e-01
2.992419600486755371e-01 -6.191462278366088867e-01 1.045022249221801758e+00 -8.036096692085266113e-01 1.007726192474365234e+00 -9.487967491149902344e-01 2.718662023544311523e-01 -2.701649665832519531e-01 7.024130225181579590e-01 -1.081889271736145020e+00
-8.931258320808410645e-01 4.387764632701873779e-01 -1.041048526763916016e+00 5.365059375762939453e-01 -6.274574995040893555e-01 9.171205163002014160e-01 -1.873619854450225830e-01 -9.209949374198913574e-01 4.980380237102508545e-01 9.924167394638061523e-01
-1.168647050857543945e+00 -1.376026272773742676e-01 -1.254915833473205566e+00 1.293743014335632324e+00 -8.771401047706604004e-01 9.686196446418762207e-01 -1.498162448406219482e-01 1.285508632659912109e+00 5.013357400894165039e-01 -1.025389790534973145e+00
2.998202741146087646e-01 -5.265486240386962891e-01 -1.740815520286560059e+00 1.049901485443115234e+00 6.751715540885925293e-01 1.390071213245391846e-01 2.712068557739257812e-01 -5.808798074722290039e-01 9.988831281661987305e-01 9.249967336654663086e-01
-4.494878947734832764e-01 -9.400113672018051147e-02 1.149160861968994141e+00 9.341521263122558594e-01 4.141075909137725830e-01 -1.481338262557983398e+00 -5.983904600143432617e-01 2.841360867023468018e-02 9.406537413597106934e-01 2.539382576942443848e-01
-1.519517660140991211e+00 6.236332654953002930e-01 5.379109978675842285e-01 6.592653691768646240e-02 -1.201023697853088379e+00 1.015949606895446777e+00 8.324620127677917480e-01 -4.811378419399261475e-01 6.832286119461059570e-01 -8.326522111892700195e-01
7.928247004747390747e-02 9.292600750923156738e-01 -6.409928798675537109e-01 -4.620588421821594238e-01 6.218405961990356445e-01 2.634077668190002441e-01 -6.586591601371765137e-01 -9.957685470581054688e-01 1.060547590255737305e+00 -5.663539767265319824e-01
-2.259776145219802856e-01 1.139219403266906738e+00 -1.674383401870727539e+00 1.280788540840148926e+00 2.508214235305786133e+00 -6.508025527000427246e-01 -3.777354359626770020e-01 9.586855173110961914e-01 -1.176570773124694824e+00 -2.360894203186035156e+00
3.177501857280731201e-01 -1.836976855993270874e-01 -4.008050560951232910e-01 1.319458961486816406e+00 -9.046222567558288574e-01 5.711464881896972656e-01 -5.254673361778259277e-01 -7.811568975448608398e-01 9.029438346624374390e-02 1.362099647521972656e+00
-3.148170411586761475e-01 6.399633288383483887e-01 -5.351038575172424316e-01 -1.228747367858886719e+00 8.952661156654357910e-01 -5.819935798645019531e-01 -4.856447279453277588e-01 1.128447771072387695e+00 -1.771006345748901367e+00 3.989623486995697021e-01
3.968423306941986084e-01 -8.327218294143676758e-01 -5.168260335922241211e-01 -8.714441061019897461e-01 -1.210651025176048279e-01 1.725717782974243164e+00 7.789401412010192871e-01 4.278979264199733734e-03 -4.683655500411987305e-01 1.610840708017349243e-01
-7.990529537200927734e-01 8.663167953491210938e-01 -1.328323245048522949e+00 -2.063470602035522461e+00 2.860266268253326416e-01 -1.766426265239715576e-01 1.311177730560302734e+00 -1.087783098220825195e+00 -1.043377518653869629e-01 6.980621814727783203e-01
2.263466715812683105e-01 -5.586485266685485840e-01 1.116243839263916016e+00 -7.955386042594909668e-01 -1.086771726608276367e+00 -6.159760355949401855e-01 5.346065163612365723e-01 4.438592791557312012e-01 1.349044203758239746e+00 -1.487608313560485840e+00
-3.116824626922607422e-01 7.767519950866699219e-01 -1.262921839952468872e-01 -8.873634338378906250e-01 7.435551881790161133e-01 -8.358461260795593262e-01 8.903257846832275391e-01 -2.059919685125350952e-01 5.800734162330627441e-01 -1.571547269821166992e+00
-8.648222684860229492e-01 2.835063934326171875e-01 9.537150263786315918e-01 1.513221979141235352e+00 -1.874384641647338867e+00 -7.929826378822326660e-01 3.599472641944885254e-01 -1.542536020278930664e+00 8.148083090782165527e-01 1.755584597587585449e+00
-6.197264045476913452e-02 -5.030619502067565918e-01 9.623346924781799316e-01 -1.345179527997970581e-01 1.508421599864959717e-01 1.026896595954895020e+00 3.850031197071075439e-01 -7.163145542144775391e-01 -3.759054243564605713e-01 -6.398069858551025391e-01
-1.391297340393066406e+00 -2.741009593009948730e-01 -4.649039357900619507e-02 -3.074018359184265137e-01 8.200914263725280762e-01 1.147543430328369141e+00 -9.663045406341552734e-01 4.428772032260894775e-01 -1.105121254920959473e+00 8.336499929428100586e-01
-6.524152755737304688e-01 1.206642866134643555e+00 3.345609009265899658e-01 3.042283654212951660e-01 2.676884233951568604e-01 -1.194685459136962891e+00 -4.179118275642395020e-01 -3.077321052551269531e-01 -1.598526239395141602e+00 -2.066708356142044067e-02
1.151597976684570312e+00 -5.949124693870544434e-01 -1.723342090845108032e-01 -1.591982245445251465e+00 9.150331020355224609e-01 1.393271923065185547e+00 -9.226139783859252930e-01 7.203584909439086914e-01 -1.103088378906250000e+00 -7.095586974173784256e-03
-8.965017199516296387e-01 5.026691555976867676e-01 9.339751005172729492e-01 -3.445430994033813477e-01 -1.309494853019714355e+00 -4.158871471881866455e-01 5.261369943618774414e-01 2.320594787597656250e+00 -1.563259840011596680e+00 -1.612498283386230469e+00
7.026066184043884277e-01 2.979830503463745117e-01 -7.280095219612121582e-01 -9.607831239700317383e-01 3.490347564220428467e-01 -8.038448095321655273e-01 2.324503660202026367e-01 9.460273385047912598e-01 -6.134585142135620117e-01 5.575791001319885254e-01
-1.169976115226745605e+00 -7.577310204505920410e-01 9.291620850563049316e-01 1.094960093498229980e+00 -5.244836211204528809e-01 9.475197792053222656e-01 -8.262600302696228027e-01 -1.482811868190765381e-01 7.539638876914978027e-01 -1.102030634880065918e+00
3.247887492179870605e-01 -3.289594650268554688e-01 -2.716894149780273438e-01 1.208385944366455078e+00 -4.680341184139251709e-01 -3.472971320152282715e-01 -8.870290517807006836e-01 4.189533889293670654e-01 -8.461750745773315430e-01 1.073317766189575195e+00
2.636573910713195801e-01 -4.258739054203033447e-01 1.597507297992706299e-01 -1.229874849319458008e+00 1.556083798408508301e+00 1.374823898077011108e-01 1.604122221469879150e-01 -8.549481630325317383e-01 4.888948500156402588e-01 -2.438400387763977051e-01
8.401215672492980957e-01 -1.924950927495956421e-01 4.768839776515960693e-01 -7.102466821670532227e-01 1.362643599510192871e+00 1.529773831367492676e+00 -1.350162744522094727e+00 2.083382308483123779e-01 -7.548207044601440430e-01 -2.946768403053283691e-01
-1.580934822559356689e-01 4.446255266666412354e-01 1.655484735965728760e-01 -3.040763735771179199e-01 -1.365619540214538574e+00 -7.553353309631347656e-01 7.352496385574340820e-01 4.460923671722412109e-01 -5.184634923934936523e-01 6.270640492439270020e-01
8.522310853004455566e-01 -6.854263544082641602e-01 -9.349150061607360840e-01 6.862321496009826660e-01 -7.164748907089233398e-01 4.231747090816497803e-01 -1.788475662469863892e-01 1.164783716201782227e+00 2.649905383586883545e-01 -9.400946497917175293e-01
1.376609802246093750e-01 -6.794801950454711914e-01 1.263145208358764648e+00 -7.816147208213806152e-01 -5.466438531875610352e-01 -2.531121373176574707e-01 -6.046243309974670410e-01 4.253278672695159912e-01 1.050164818763732910e+00 -6.623693108558654785e-01
3.643279969692230225e-01 -4.752859473228454590e-01 1.934589892625808716e-01 1.094787240028381348e+00 -8.072414398193359375e-01 8.027318716049194336e-01 -4.033638834953308105e-01 -7.052713632583618164e-01 -5.150979757308959961e-01 -8.787052333354949951e-02
-9.847709536552429199e-01 -7.581617832183837891e-01 -1.173439383506774902e+00 1.301094532012939453e+00 -2.163307070732116699e-01 1.386676311492919922e+00 -7.009702920913696289e-01 -9.109914302825927734e-01 -1.087717533111572266e+00 1.967417359352111816e+00
3.829204738140106201e-01 -4.475295841693878174e-01 1.338621616363525391e+00 2.448265790939331055e+00 -8.336840867996215820e-01 -1.575934648513793945e+00 1.735908240079879761e-01 -1.617414653301239014e-01 -7.899551987648010254e-01 5.970944166183471680e-01
4.198427498340606689e-01 5.667576193809509277e-01 9.548621773719787598e-01 -1.560377597808837891e+00 2.745388448238372803e-01 -6.210978627204895020e-01 6.867018342018127441e-01 -7.663652300834655762e-01 -1.213157534599304199e+00 -1.710102558135986328e-01
2.293901443481445312e-01 -7.798209786415100098e-01 -6.067308411002159119e-02 1.493918061256408691e+00 1.694093495607376099e-01 -8.408184647560119629e-01 4.948817193508148193e-01 -4.991795122623443604e-01 1.365679621696472168e+00 -8.166400790214538574e-01
4.972856342792510986e-01 7.122617214918136597e-02 6.209634542465209961e-01 -1.341886162757873535e+00 -5.164781212806701660e-01 1.202294588088989258e+00 -3.481554985046386719e-01 2.866346836090087891e-01 -1.498958468437194824e+00 1.038348749279975891e-01
7.000775933265686035e-01 -7.058300375938415527e-01 -1.073458671569824219e+00 1.494001269340515137e+00 1.038811653852462769e-01 6.875341534614562988e-01 -8.879156708717346191e-01 2.577685713768005371e-01 5.432413816452026367e-01 2.468082904815673828e-01
1.092293262481689453e+00 1.002852082252502441e+00 5.952005982398986816e-01 -1.845749616622924805e+00 -5.809446796774864197e-02 -1.290043354034423828e+00 7.460309863090515137e-01 -1.442417263984680176e+00 -8.080984950065612793e-01 -4.557651281356811523e-02
1.092826128005981445e+00 -2.784449160099029541e-01 -8.919269442558288574e-01 -8.982046842575073242e-01 -6.531758904457092285e-01 -1.291263699531555176e+00 1.243709176778793335e-01 1.763711273670196533e-01 1.085827469825744629e+00 1.021643996238708496e+00
-1.006893143057823181e-01 1.474629044532775879e+00 -1.612247377634048462e-01 -4.645257294178009033e-01 2.163060158491134644e-01 8.337644934654235840e-01 -1.598822921514511108e-01 -6.455579996109008789e-01 -1.291173458099365234e+00 8.226664662361145020e-01
5.814603567123413086e-01 2.062679976224899292e-01 -1.007221579551696777e+00 1.562157630920410156e+00 -8.867218494415283203e-01 -1.431678295135498047e+00 -9.582737088203430176e-02 5.894047021865844727e-01 -7.385658621788024902e-01 7.451147437095642090e-01
-6.526578068733215332e-01 7.789804935455322266e-01 8.915274739265441895e-01 6.826881170272827148e-01 -9.050684571266174316e-01 -6.102332472801208496e-01 -8.528066277503967285e-01 2.942067086696624756e-01 -1.398086696863174438e-01 6.894633769989013672e-01
-1.533215790987014771e-01 -7.377046346664428711e-01 5.434005856513977051e-01 2.782879769802093506e-01 -1.314714431762695312e+00 3.976594209671020508e-01 6.050943732261657715e-01 8.440312147140502930e-01 -6.812867522239685059e-01 7.049919366836547852e-01
-8.881703615188598633e-01 3.018653094768524170e-01 4.398043453693389893e-01 1.583131909370422363e+00 -5.918270349502563477e-01 -2.910614013671875000e-01 3.475642204284667969e-01 -1.513858977705240250e-02 8.023065924644470215e-01 -1.784172058105468750e+00
3.974827229976654053e-01 6.023983359336853027e-01 1.063256502151489258e+00 1.170920014381408691e+00 -3.842242956161499023e-01 -8.049063086509704590e-01 -6.539078950881958008e-01 2.572326660156250000e-01 -3.178730607032775879e-01 -1.074953913688659668e+00
-9.593257308006286621e-01 -6.495964527130126953e-01 -1.481312632560729980e+00 -1.205686554312705994e-01 -7.497801780700683594e-01 1.586515665054321289e+00 6.340301036834716797e-01 1.925369910895824432e-02 1.870674490928649902e+00 -7.279691845178604126e-02
5.610105395317077637e-01 1.070431351661682129e+00 -1.068461298942565918e+00 -1.474950790405273438e+00 3.608992695808410645e-01 1.130836129188537598e+00 4.429859220981597900e-01 1.257336288690567017e-01 -1.411009430885314941e+00 -1.200914621353149414e+00
-6.900454163551330566e-01 7.132914066314697266e-01 -1.094146370887756348e+00 -7.018525600433349609e-01 8.928480148315429688e-01 8.130818605422973633e-01 8.150230050086975098e-01 -4.930035173892974854e-01 4.176390767097473145e-01 -1.425435185432434082e+00
-2.970393896102905273e-01 7.860355973243713379e-01 -4.152365624904632568e-01 -1.190379023551940918e+00 -1.323114275932312012e+00 2.655988633632659912e-01 -6.733181476593017578e-01 3.113152086734771729e-01 3.627837002277374268e-01 1.771232128143310547e+00
6.323170661926269531e-01 -3.090219497680664062e-01 -4.516573548316955566e-01 -1.680495619773864746e+00 -1.459137916564941406e+00 6.216329336166381836e-01 -3.664621412754058838e-01 1.720917373895645142e-01 8.223587274551391602e-01 1.237391471862792969e+00
-1.299502372741699219e+00 -1.863564848899841309e-01 -1.463530778884887695e+00 2.111964702606201172e+00 4.739949703216552734e-01 1.896609067916870117e+00 -7.546174526214599609e-01 3.255646228790283203e-01 -4.549976289272308350e-01 6.634694933891296387e-01
6.120405793190002441e-01 7.429985404014587402e-01 7.408499717712402344e-01 9.257954955101013184e-01 -5.129972100257873535e-01 -7.114676833152770996e-01 -8.845093250274658203e-01 1.022570848464965820e+00 1.398936361074447632e-01 -1.135314702987670898e+00
6.202791333198547363e-01 -4.093501269817352295e-01 1.411720752716064453e+00 -2.086364775896072388e-01 5.945904254913330078e-01 -1.756222128868103027e+00 -5.614954829216003418e-01 3.857334256172180176e-01 3.707262575626373291e-01 -3.020822703838348389e-01
2.525655627250671387e-01 -2.135008126497268677e-01 1.144219160079956055e+00 -2.831158041954040527e-01 3.735927641391754150e-01 1.409193515777587891e+00 -3.272192478179931641e-01 -2.851038873195648193e-01 -1.155816435813903809e+00 -6.409077048301696777e-01
5.367811322212219238e-01 1.129117727279663086e+00 1.399181485176086426e+00 1.002478301525115967e-01 -4.648602306842803955e-01 4.921731352806091309e-01 -7.878938317298889160e-01 -4.183214902877807617e-01 -2.016767501831054688e+00 8.154344558715820312e-02
-4.659297764301300049e-01 1.464421629905700684e+00 1.118810057640075684e+00 -5.473696589469909668e-01 9.329778552055358887e-01 8.717051744461059570e-01 5.553914308547973633e-01 -3.572176396846771240e-01 -1.539926886558532715e+00 -1.950259804725646973e+00
5.955643057823181152e-01 -3.265011310577392578e-01 -9.905190467834472656e-01 1.141680598258972168e+00 3.446780741214752197e-01 5.755322575569152832e-01 5.046927332878112793e-01 -2.718629539012908936e-01 -6.798063516616821289e-01 -5.786207318305969238e-01
-5.676773190498352051e-01 -8.508209139108657837e-02 -3.205026090145111084e-01 -1.855651736259460449e+00 5.914512872695922852e-01 1.427242994308471680e+00 3.445791453123092651e-02 3.971447050571441650e-01 -8.568111658096313477e-01 3.910528421401977539e-01
-1.203972324728965759e-01 3.723046183586120605e-01 -2.603009223937988281e+00 3.235605955123901367e-01 -1.575647473335266113e+00 1.387610197067260742e+00 -7.938308990560472012e-04 1.100492954254150391e+00 2.412034198641777039e-02 -2.774077653884887695e-01
-5.928956866264343262e-01 1.173173785209655762e+00 8.710006475448608398e-01 1.728316783905029297e+00 -3.033401668071746826e-01 -4.403375387191772461e-01 -2.530363798141479492e-01 8.936299085617065430e-01 -1.330292701721191406e+00 -1.314402818679809570e+00
-9.518515467643737793e-01 7.521374225616455078e-01 6.539034247398376465e-01 1.084648728370666504e+00 -9.047216773033142090e-01 1.830074548721313477e+00 -2.042603641748428345e-01 -7.581752538681030273e-01 -1.407051682472229004e+00 -6.603339910507202148e-01
-8.845970034599304199e-01 -5.843280553817749023e-01 -5.550193786621093750e-01 1.465066671371459961e+00 9.405425190925598145e-01 -1.757391244173049927e-01 -6.879377961158752441e-01 7.512134313583374023e-01 -1.790859580039978027e+00 6.493455767631530762e-01
7.929070591926574707e-01 1.687262803316116333e-01 -2.513640224933624268e-01 9.852877259254455566e-01 -1.225246906280517578e+00 4.492237567901611328e-01 -5.916715860366821289e-01 7.100281715393066406e-01 -1.331402182579040527e+00 -8.112488985061645508e-01
-1.131093025207519531e+00 1.134394407272338867e+00 9.409787654876708984e-01 1.227583169937133789e+00 2.603647708892822266e+00 -2.493631362915039062e+00 -1.469163656234741211e+00 3.013479113578796387e-01 7.695184946060180664e-01 -8.117529153823852539e-01
1.444360762834548950e-01 -1.537591218948364258e-01 5.323824286460876465e-01 1.138301849365234375e+00 -5.756811425089836121e-02 -1.797379732131958008e+00 -3.228866159915924072e-01 -1.012133881449699402e-01 -3.912744820117950439e-01 6.650288701057434082e-01
-6.590899825096130371e-01 -4.127650856971740723e-01 -5.562774538993835449e-01 -2.006670236587524414e+00 1.157260060310363770e+00 8.873915076255798340e-01 5.185251832008361816e-01 7.358229160308837891e-01 1.558682769536972046e-01 -1.281302690505981445e+00
7.879890799522399902e-01 -3.413845002651214600e-01 -3.450368344783782959e-01 4.651757180690765381e-01 -1.772736757993698120e-01 -8.879210352897644043e-01 8.910570144653320312e-01 7.958506047725677490e-02 -1.273622035980224609e+00 -8.291683346033096313e-02
-4.004280567169189453e-01 3.179377317428588867e-01 8.393210172653198242e-01 -1.415751099586486816e+00 9.872646927833557129e-01 6.665454506874084473e-01 -9.303904771804809570e-01 -1.205245971679687500e+00 6.024640798568725586e-01 1.272393703460693359e+00
